 -3.0333059e-002 -1.1058573e+000
  7.3241750e-002 -2.5875455e+000
 -2.4457491e+000  1.7159494e-001
 -1.1217846e+000 -1.2697644e+000
 -2.1002964e+000  2.5999457e-001
 -3.0423980e+000 -3.3541971e-001
 -2.1094912e+000 -2.9844518e-001
 -2.6080904e+000 -1.7481340e-001
 -1.2629995e+000 -1.4224813e-001
 -1.8533015e+000 -3.1832082e-001
 -2.4008483e+000  7.3832108e-002
 -1.9096775e+000 -5.3761746e-001
 -3.4626418e+000  1.2086543e+000
 -1.9296373e-001 -1.9829898e+000
 -2.1678284e+000  2.2299189e-001
 -3.1248085e+000  1.0601855e+000
 -2.5126160e+000  1.0600692e+000
 -1.3445057e+000 -3.2226341e-001
 -1.2659115e+000 -1.1501096e+000
 -2.4343596e+000  9.2985750e-001
  7.0862789e-001 -2.3739217e+000
 -3.1046419e+000  2.0194284e+000
 -3.2801368e+000  7.2587397e-001
 -2.5887772e+000  4.6112874e-002
  4.3284438e-001 -1.0854840e+000
 -3.1502309e+000  1.4982853e+000
 -1.5533232e+000 -1.4358128e+000
 -1.3259170e+000 -8.0485123e-001
 -1.8925710e+000 -2.5602179e-001
 -2.0759778e-001  2.0188477e-001
  3.8690781e-001  5.4044730e+000
 -1.2507629e-001  5.3446131e+000
  6.8756430e-001  5.5950281e+000
 -2.7459543e+000  4.5854467e+000
 -1.2589032e+000  5.4022698e+000
  1.9669914e+000  5.0543340e+000
  4.8022252e+000  4.8029501e+000
  9.8117664e-001  4.9125747e+000
  2.2499986e-001  5.2733452e+000
  4.0172530e-001  5.1862901e+000
  1.9895951e+000  5.4221678e+000
  3.7708573e+000  4.6635566e+000
 -2.6322822e+000  5.0421926e+000
  9.7783002e-001  5.1258001e+000
 -3.1890735e+000  4.7745313e+000
 -3.1728102e+000  4.9381559e+000
 -2.4571885e+000  5.4927956e+000
 -3.1130506e+000  4.8156451e+000
  3.1942009e+000  4.6756500e+000
  2.0416540e+000  4.7815168e+000
  1.4324845e+000  5.5667973e+000
 -2.6174551e-001  4.8210642e+000
  5.4043855e+000  4.6932401e+000
  8.1475713e-001  4.8501221e+000
  6.1324718e-001  4.2467841e+000
 -7.8029000e-001  4.9973674e+000
  4.4749941e-001  5.1028419e+000
 -1.7698989e+000  4.7600746e+000
 -1.8008731e+000  5.0052512e+000
 -1.2097644e+000  4.8508590e+000
 -4.3776061e+000  4.8195685e+000
 -1.5672580e+000  4.5684729e+000
  7.8907020e-001  5.4235320e+000
  3.6397990e+000  5.0137177e+000
  1.3271013e+000  5.1056723e+000
  1.5636697e+000  4.8166436e+000
  1.3399846e+000  4.6887084e+000
  2.5407744e+000  4.6425695e+000
 -2.7190388e+000  4.6273698e+000
  7.7730601e-001  4.8544621e+000
 -2.0754398e+000  5.1614765e+000
  5.1558555e-001  5.2760408e+000
 -3.2195759e+000  5.5976761e+000
 -2.6184686e+000  4.6952908e+000
  2.4165932e+000  5.0188756e+000
  5.8657546e-001  5.7582154e+000
 -2.5050900e+000  5.0242662e+000
 -9.6544550e-001  5.0695568e+000
  9.9222346e-001  5.0978808e+000
 -5.5846210e-001  5.4608533e+000
 -2.6762638e+000  4.9242181e+000
 -2.6699463e-001  4.7875463e+000
  1.1560752e+000  5.3327389e+000
  2.4559992e+000  5.6416056e+000
  1.9660514e+000  4.8253429e+000
 -1.3010759e+000  5.2579566e+000
 -8.1342531e-001  4.9719215e+000
 -4.3076701e+000  4.8915278e+000
 -2.9829104e+000  4.5742631e+000
  1.0786044e+000  4.6871866e+000
  3.2880227e+000  8.0507063e+000
  4.1398800e+000  8.5700885e+000
  3.5022446e+000  9.5682880e+000
  1.4935847e+000  1.0261997e+001
  2.9445648e+000  8.6643009e+000
  1.9914540e+000  1.0970009e+001
  1.7475628e+000  1.0095378e+001
  4.6588669e+000  8.0157225e+000
  2.6445885e+000  8.5430161e+000
  1.8665903e+000  1.0876446e+001
  2.2850008e+000  9.4689735e+000
  2.8956603e+000  9.1039484e+000
  2.9545256e+000  1.0167375e+001
  2.4850409e+000  8.9705024e+000
  1.0108574e+000  1.1500571e+001
  3.6028724e+000  8.9592887e+000
  4.6387965e+000  7.8111255e+000
 -1.0346935e+000  1.3239112e+001
  1.1128688e+000  1.0891904e+001
 -7.5610462e-001  1.2621152e+001
  1.9482946e+000  9.1894829e+000
  1.4444655e+000  1.0768599e+001
  2.7712527e+000  9.5155738e+000
  3.3790192e+000  8.0879888e+000
  2.7197894e+000  8.6920510e+000
  3.7937061e+000  8.8177027e+000
  1.7050872e+000  1.1064029e+001
  8.8704578e-001  1.1237695e+001
  3.6973570e+000  8.3130782e+000
  1.9871626e-001  1.1991760e+001
