 -5.0259310e+000 -1.1106277e+000
 -4.2491658e+000  5.0016703e-001
 -5.5172609e+000 -5.5920949e-001
 -5.7533706e+000  9.2581269e-001
 -5.2485203e+000 -1.4983452e-001
 -6.2584154e+000  3.1261988e-001
 -2.3097231e+000  2.8969629e-001
 -6.4228030e+000  2.4678572e-001
 -6.4357729e+000  1.4857313e-001
 -6.6930726e+000  7.1918848e-001
 -3.8582272e+000  1.5519363e+000
 -3.6163699e+000 -7.5809225e-001
 -4.5573373e+000  9.1109790e-001
 -6.0740856e+000  2.0176191e-001
 -4.2371368e+000 -1.2881872e+000
 -5.9529618e+000  7.7817450e-001
 -5.0063311e+000  5.2448681e-001
 -3.6357282e+000  4.8203933e-001
 -5.7870658e+000  7.5199927e-001
 -5.1668879e+000 -8.1622811e-001
 -2.9059348e+000  8.0152532e-002
 -5.9372951e+000  6.3573878e-001
 -3.3179720e+000  5.9363417e-001
 -4.2098471e+000  1.0525385e-001
 -5.1585786e+000  8.7090745e-001
 -5.1947589e+000  7.5474485e-002
 -5.5266348e+000 -6.8548438e-001
 -5.2683876e+000 -1.1883460e+000
 -4.7514210e+000  1.0245162e-001
 -5.0410069e+000 -2.2475823e+000
 -5.1077648e-001  5.2492426e+000
  3.6919671e-001  5.1791966e+000
 -3.7283412e-002  3.3966901e+000
  3.3937204e-001  4.8688652e+000
  4.8518979e-001  5.5987507e+000
 -8.6030887e-002  5.3252920e+000
 -3.3514323e-001  4.6775508e+000
 -3.8237413e-001  4.0466291e+000
  2.3357560e-001  6.2352447e+000
 -5.7853160e-001  4.4984626e+000
  7.2286352e-001  5.0394985e+000
  1.5412788e+000  3.2989472e+000
 -1.0337413e+000  4.2362924e+000
  2.1764260e+000  5.4316121e+000
 -4.4376518e-001  5.0299959e+000
 -3.1567087e-001  5.9778457e+000
  1.8294874e-002  5.8179628e+000
  7.0234110e-001  4.7687294e+000
 -1.1368958e-001  5.1279405e+000
 -7.9940970e-001  4.7613880e+000
 -8.9463238e-002  3.9767358e+000
  9.3753792e-001  3.8682807e+000
 -7.1070209e-001  3.8304991e+000
  1.0654371e+000  4.3196063e+000
 -1.7257727e+000  5.8131996e+000
  1.4418666e+000  5.6722722e+000
  1.3866496e-001  4.1404661e+000
 -7.5225056e-001  6.2296151e+000
  1.1507544e+000  4.3919750e+000
  8.0615792e-001  5.2171329e+000
  4.4892144e+000  2.3492205e-001
  4.4021749e+000  2.0770819e-002
  5.4194428e+000  1.1911037e+000
  5.7712142e+000 -2.6442219e+000
  5.2854299e+000  8.2609262e-001
  4.9918775e+000  8.5843816e-001
  5.7747882e+000  1.3059453e+000
  6.2315025e+000  9.5856367e-001
  3.3454523e+000 -9.9039601e-001
  5.6852360e+000 -9.7487001e-001
  4.3932744e+000  6.8679374e-001
  5.0200489e+000  1.0638006e+000
  3.6589501e+000  4.7951044e-001
  3.3660260e+000 -1.4426650e+000
  5.2937814e+000 -1.4036408e-001
  3.8696593e+000 -2.9253805e-001
  4.4174641e+000 -8.9634828e-001
  5.2486011e+000 -1.4896634e+000
  5.3135087e+000 -2.0250844e+000
  5.5289897e+000  3.4347090e-001
  5.7581926e+000 -6.9194018e-001
  5.6801786e+000 -1.0725410e+000
  5.8997721e+000 -2.1230924e+000
  5.2847123e+000 -7.3332293e-001
  4.2266244e+000  1.5184172e-001
  4.6631569e+000  9.7076072e-001
  4.8927636e+000  1.0134919e+000
  4.5246532e+000  6.8948145e-002
  5.3985921e+000  1.1163262e+000
  5.6204511e+000 -2.8767448e-001
